15 100
</s> -0.0082994 0.0078322 -0.0062062 -0.0020398 0.0048702 0.0012078 0.0061913 0.00023425 0.0099017 0.0093322 -0.001479 0.00306 0.0092307 0.0071597 -0.0041195 -0.0017071 0.00029786 0.0057957 0.00088546 -0.0081274 -0.0013548 0.0068985 0.0054569 -0.0061628 0.0056073 -0.0063731 0.0015828 -0.0037174 -0.0017603 0.0098461 -0.0067216 -0.003303 -0.0084756 -0.0065095 -0.009254 -0.0006517 0.0034823 -0.0086659 -0.0022043 -0.006692 0.0098161 0.0074128 0.0034531 0.0017541 -0.0048997 0.0018609 -0.0045656 -0.0045904 -0.0080814 0.0026511 -0.0069745 0.0089772 -0.0091479 0.0047018 -0.00069006 -0.0055492 0.0014297 0.0020914 0.00396 0.0032937 -0.006527 0.0050299 0.0064983 0.0050619 -0.003619 0.00065102 -0.0070489 0.0058526 0.0082506 0.0058876 -0.0098118 0.00020106 -0.0040881 0.0011984 8.345e-05 -0.0037997 0.0096516 0.0092891 -0.0010287 -0.0039297 -0.0088758 0.0060384 0.0096762 -0.0089787 -0.0052039 -0.007906 0.00069594 0.00042814 -0.0034004 -0.0036472 0.0095572 0.0047017 0.0090723 -0.0090106 0.0014508 -0.0087831 0.0062326 0.0095837 -0.0054835 -0.0018726 
in -0.0020179 -5.8486e-05 0.00075362 -0.0014428 -0.0039919 0.0022178 0.00038506 0.0013691 -0.0035729 -0.0029091 -0.0010385 -0.001482 0.0017112 -0.0026268 0.00064915 0.0016721 0.0025682 0.0029687 -0.0051821 0.0003929 -0.0023946 -0.001697 0.0045755 0.0028406 -0.0010718 -0.0032424 -0.0030866 -0.001845 0.00031918 -0.0051811 -0.0015649 0.00010866 -0.0010372 -0.0011801 -0.003484 -0.0020178 -0.0015437 0.0017766 -0.0045763 0.0012957 -0.00075262 -0.0010991 -0.0027853 0.0030246 0.0042737 -0.00091749 0.000404 0.0037085 2.2823e-06 -0.0024638 0.0004113 -0.003053 0.0024931 -0.00070048 -0.00095474 -9.6411e-06 -0.0010052 -0.0035831 0.0019395 -0.0013897 0.0006175 -0.0010138 0.0033535 0.0018763 0.00019128 0.0026026 0.0016814 -0.0017032 -0.0022043 0.00222 -0.00012516 0.00010228 0.0016424 -0.0020144 0.00057574 0.00059326 -0.0015642 -0.0014478 -0.00044857 0.0031054 -0.0024823 0.00046102 0.0013085 -0.0029856 0.00046696 0.00095778 -0.0023957 -0.0022975 8.8931e-05 0.00037089 0.0023562 0.00038316 0.00017283 0.0030822 0.0038533 0.0027105 0.0006156 0.0023621 -0.0026311 0.0034103 
the -0.0020652 -0.00093993 0.0013296 0.0013698 -3.9554e-05 -0.00054677 0.0030494 9.8866e-05 -0.0011371 0.002712 -0.0020377 -0.00022917 0.0031221 -0.0023311 0.00018443 -0.0016072 0.00041976 0.00020026 0.0029084 0.0034139 0.0021941 -0.0016304 0.0027985 -0.0020749 -0.0021255 -0.00021727 0.0021848 -0.001166 -0.002933 0.0011225 -0.00065073 0.0029021 0.00042625 0.0012272 -0.0021657 0.00013967 -0.0023183 0.0024574 -0.00083187 -0.0030039 8.6526e-05 0.0029795 0.00080701 0.00028295 -3.8515e-05 -0.00061797 0.0015227 0.0021668 0.0025595 0.00067685 0.0014734 -0.0015926 0.0025386 0.0015112 -0.0014688 0.0027351 -0.00034354 -0.0027226 -0.0017118 0.00051863 0.00064023 0.0020501 0.0010519 -0.00047142 -0.0041372 -0.0010981 -0.00029158 -0.00039607 -0.0003096 -0.0019351 0.0013635 -0.00016071 0.00089354 0.00027774 0.0001208 0.00023429 0.00046978 0.00056882 -0.0016371 -0.0042019 0.0030932 6.2499e-05 0.00075178 0.0023567 -0.0020413 -0.00095986 0.00045824 0.0028907 -0.0035227 -0.0010523 -0.00023851 -0.00081834 -0.0012431 -4.544e-05 0.00026666 -0.0012926 -0.0015563 -0.0017728 0.0012056 0.0022248 
weather 0.00011657 -0.00026435 -0.0022801 -0.00019579 0.00077974 -0.0010471 0.0010972 -4.2245e-05 4.5519e-05 -0.00061474 -0.00017438 -0.00030471 0.00042158 -0.0001745 0.0003012 0.00083614 -2.3707e-05 0.00067544 0.00054685 -3.2764e-05 0.00085441 -0.001451 -0.00071433 0.0029505 6.7139e-05 0.0017274 -0.00022458 -0.00031094 -0.00081178 0.0011622 0.00015356 -0.0018931 -0.00068137 0.001654 0.00013318 0.00028002 -0.00019549 0.00038572 -0.0015341 0.00014719 0.00058175 0.00032789 0.0023542 0.00039411 0.00095703 0.00021904 0.00057933 0.00083038 0.0013028 0.00095222 0.0010515 0.002168 -4.7316e-05 -0.00060605 -0.0011412 5.637e-06 0.00068476 0.00034955 0.0010457 0.00065194 -0.00073841 0.00089265 -0.00052716 -0.00074839 -0.0024383 -8.7026e-06 0.0012471 0.0010148 -0.0017588 -0.0021651 0.0017631 -0.00097456 0.00080537 0.0014218 0.0027035 0.00045567 0.00090063 0.0018057 -0.00058376 -0.0017993 -0.0011545 0.0011671 0.002153 0.000112 -0.0016045 0.00022599 -0.0001522 -0.00062424 0.00033189 -0.0013546 -0.0002404 -0.001067 -0.0021093 -0.0016044 -0.0018171 -0.00092477 -0.00080933 0.00073864 -0.00037664 0.0004297 
what's -0.00034046 -0.0014877 -0.0010595 -0.0031008 0.00053412 0.00027316 0.00075281 -0.00055388 0.0022239 -0.00080564 0.00020971 -0.001253 0.0017856 -0.00094691 0.0018609 -0.0001944 0.00069702 -0.00097262 0.00069602 -0.0001663 0.00074434 0.00060712 0.00016275 0.00030855 -0.0026763 -0.0012363 0.001138 -0.00073248 -0.00023752 2.5941e-05 0.0039211 -0.0011382 -3.3025e-05 -0.00056564 -0.00056133 0.0014314 0.0012783 -0.00043547 -3.7411e-05 -0.00073306 -2.4993e-05 0.00074492 0.002379 -0.0023392 0.0004987 0.00091589 -0.0017161 -0.0022076 -0.0015459 0.00067683 0.00017059 -0.00058396 -0.00043515 -3.7351e-06 0.0011185 -0.00017234 -0.0012779 -0.0003887 -0.0012323 -0.00115 -0.0018902 -0.00021877 -0.0009271 -0.0019592 -0.00042855 -0.0017565 -9.5377e-05 -0.00086658 -0.0037153 0.00096696 -0.00073313 -0.0014369 0.0014689 -0.00053674 0.00083784 -0.0015983 0.00074436 -0.00075493 0.0016501 -0.0023065 -0.00076433 0.001928 0.001426 -0.0016025 0.00079477 -0.0019335 -0.00013123 0.00024276 0.00086255 9.9468e-05 -0.001411 0.00068933 0.00089362 -0.00065212 0.002429 0.0031837 -0.00098764 0.0015672 -0.00069406 -0.0014287 
paris? -0.00053614 0.00078528 0.0020163 0.0038823 -0.002294 0.0011985 -0.00067586 8.6144e-05 0.0020282 -0.0006691 -5.0819e-05 0.00051762 -0.0010926 0.00017378 -0.0013764 -0.00074285 3.2976e-05 0.00040706 -0.0015012 -0.00012173 0.002913 -0.0022183 0.00059983 0.00076041 -0.0015985 0.00090218 -0.00021138 -0.0010612 -0.00036102 0.00081512 0.0003722 0.00033045 0.0011746 0.00034127 -8.7468e-05 -0.00081553 -0.0016917 0.0021509 -0.00019461 -9.4584e-05 -0.001936 -0.00036229 -0.00088867 -0.00087053 3.1369e-05 -0.00076059 -0.00034461 -0.0012727 -0.00021651 0.001048 -0.0027672 -0.00041096 -0.0004161 0.0022687 0.00067039 0.00086361 -0.001016 -0.0018092 2.0546e-05 0.0003254 -0.00040042 0.00027139 0.001335 0.0021601 0.00077336 -0.00057022 8.1197e-05 0.00028683 -0.0010341 0.0017671 -0.0013909 0.0016484 -0.00094848 -0.0029455 -0.0022636 0.00028058 -0.0027401 0.00036437 0.0017309 -0.000895 -0.00078959 -0.0027156 0.0022973 -7.5956e-05 -0.00066103 0.0044174 -0.0024247 -0.0010361 0.00081281 0.00062457 -0.00046005 -0.0018745 0.0018539 0.00076416 -0.00083476 -0.0010204 0.00081888 -0.0010071 -0.00017971 -0.00016825 
is 7.7257e-05 -0.0025936 0.002653 0.0029529 -0.0036503 0.0023841 -0.001852 -0.00079787 0.00054946 -0.0011244 -0.0015594 0.0026779 -0.0007826 -0.00278 -0.0029221 -0.00032095 0.0025126 0.0020102 -0.0004482 0.0045056 0.00051778 -0.0036045 0.00010021 0.0023701 0.00050078 0.00098218 0.0015366 0.0013102 0.0018006 -0.0010339 -0.00034641 0.0010419 -0.00069201 -0.00061137 -0.0004752 -0.00075311 0.0015788 -0.0016644 -0.0019249 -0.00023085 0.0010822 0.0032786 0.0010455 -0.0014294 -0.0014762 0.0037264 0.00056565 0.0029129 0.0028054 -5.6963e-05 0.0008561 0.003348 0.00014195 9.2334e-06 -0.00051106 0.0014459 0.0034755 0.0014784 0.0042113 0.00080405 -0.0033214 -0.00018812 0.0014972 -0.00074366 -0.0016948 0.0023812 -0.0031085 0.0035588 -0.00075692 0.0028177 -0.0050434 -0.00012506 -0.0010271 -0.0024838 -0.0012266 0.0040055 0.0026941 -0.00013832 -0.0037832 -0.0029363 -0.0025904 0.0041252 0.00040861 -0.0027208 -0.0015522 0.0014475 -0.0028173 0.00036914 0.0020409 0.0021924 -0.00077862 -0.0019782 0.0026473 0.00056491 0.0036596 0.0011548 0.00063955 0.0010403 0.0018199 -0.0038641 
what 0.00082432 -0.00061205 -0.0029099 -0.0038168 -0.00045033 -0.00059653 -0.00057184 0.00043909 0.00026097 -1.7853e-05 0.00047336 0.00052536 9.4471e-05 -0.0010195 0.0014034 0.00037744 -0.00017917 -0.0023331 0.00056599 -0.0012848 0.0015684 0.0011126 -0.0022525 0.0019878 -0.0012726 -0.002088 0.0012974 -0.0024648 -0.0014034 -0.00065359 0.001436 0.00049146 -0.0014457 0.0011877 -0.00018753 0.0028076 0.0005177 -2.2623e-05 0.0016631 -0.0009967 -0.00061536 -0.00093369 -0.000224 0.00041716 0.00067222 0.0019918 -0.00041779 -0.00012007 -0.0018728 0.00081769 0.00010814 0.0010579 -0.00056619 0.0014644 -0.0001272 0.00010199 -6.0357e-05 0.00015106 -0.0005549 -0.0024163 -0.0023346 -0.0015988 0.00084246 -0.001768 -0.0016417 -0.0018174 -0.00040594 -0.0009331 -0.001816 0.00013628 0.0017919 -0.0020167 0.00052024 4.0121e-05 9.7318e-05 -0.00161 0.00074754 -0.0010149 0.00016714 -0.00062707 0.0015999 0.0016892 0.0012862 -0.0012919 0.0025836 -0.001268 0.0016871 -0.0017368 0.00011709 -0.00033936 0.0011144 -0.0020665 0.00049935 -0.0016162 0.0011791 0.0035907 0.00019825 0.0019387 0.00076394 -0.0024206 
cup? 0.000422 0.0011068 0.0020248 0.0010483 -0.00063541 -0.0020861 0.00046048 -0.0015487 0.0020366 -0.0014004 0.0013573 -0.001884 0.00013955 -0.00058963 -7.3714e-05 -0.00079627 0.0020009 -0.00058416 0.00097987 -0.0015406 -0.0018147 -0.0025281 -0.00098091 -0.00055131 -0.00018085 -0.00085903 0.00015463 -0.00048769 0.00072945 -0.00058137 0.0017621 0.0032255 0.00084995 0.0020555 0.0005765 0.00035854 0.0024383 6.8801e-05 0.0015112 -0.0015732 -0.0018013 0.00068856 -0.00084522 0.0012985 0.0022378 -0.0013726 0.0012617 0.00030226 -0.0028321 0.0033576 -0.0009892 -0.0028957 0.0013322 0.0011439 0.00043173 -0.0022322 0.000976 0.00053301 -0.001561 3.8683e-05 0.0010328 0.0014469 4.0783e-05 -0.0012194 -0.00029646 -0.00037161 0.0011694 8.1781e-05 -0.00088859 0.0017997 -0.00072379 -0.00021722 -0.0026563 -0.00096729 0.00086335 0.0020793 -0.0015785 -0.0023305 0.0019038 0.00059629 0.00244 0.00064431 0.00019045 0.0013545 0.00037154 0.0022231 0.00010204 0.00016039 -0.00073939 -0.0011058 -0.00051293 -0.0026031 0.00075397 -0.0002856 0.00045852 -0.00092552 -0.0012664 -3.4994e-05 -0.0017284 0.00019525 
2+2? -0.00032592 0.0016626 -0.0011369 0.002359 -0.0034008 -0.00096418 0.0005736 -0.00017518 0.00088626 0.0013022 0.00075586 0.0016513 0.0024163 -0.0021326 -0.001266 0.0018407 -0.0026487 -0.0019982 0.00069897 -0.0017807 -0.0039297 -0.0034343 0.0010293 -0.00032819 -0.002751 -0.00028304 -0.00023231 -0.0017817 0.001963 -8.7359e-05 0.00067303 -0.0014195 -0.0011597 -0.0024765 0.0011181 0.0014219 -0.0020432 0.00022274 0.0018895 -0.0021851 0.0003149 0.00063635 0.00096036 0.00065833 0.0010008 -0.0041164 -0.00087766 -0.00087868 -0.0030005 -0.003742 -0.00036515 -0.00076843 -0.0017543 -0.00085478 0.00010022 0.0017953 0.0002102 0.0041797 -0.00053419 0.0015173 0.00083433 0.00053898 -0.00030415 -0.00010734 -0.0025183 -0.0018066 0.00022649 -0.00037961 -0.00012775 0.0008932 0.0013249 -0.00086311 -0.00047645 -0.0013585 -0.0016911 -0.0014717 0.00167 -0.0015188 0.00090855 0.00066045 0.00075246 -3.1417e-05 -0.00060056 5.8501e-06 0.00075636 0.0023778 -0.0012301 -0.003478 0.0022068 -1.0719e-05 0.0018256 0.0024601 0.0026841 -0.00039299 -0.0017833 0.00045583 0.0017079 0.00060565 -0.0025319 -0.0012007 
2+2 0.00058615 0.0014128 -0.003286 0.002117 -0.0015096 -0.0016307 -0.0004912 -0.0017388 -0.00027991 0.0017607 0.00091261 -1.2151e-05 0.0021871 0.0019628 -0.00082333 0.0019548 0.00058366 -0.00048197 0.0029349 0.0021421 -0.0022994 -0.00080152 0.0013424 -0.0018939 0.00054 -0.00065741 0.0028099 -0.0022013 0.001451 0.0023019 0.0018278 -0.0011409 0.00010877 -0.00069384 -0.00082419 -0.0012717 -0.0018103 -0.0019965 0.0024852 -0.0022042 -0.00041072 0.000318 0.00071934 0.0016178 0.0023513 -0.0018453 -0.0028141 -0.00044807 -0.0036204 -0.0023164 0.00033792 3.1725e-05 -0.001153 7.2252e-05 0.00051493 -0.0023338 -0.0010873 0.005094 0.0010405 -0.0033621 0.002025 0.0022202 -0.00080534 0.0010176 -0.00098235 0.0022746 0.00089354 0.0004159 0.00049835 0.0031971 0.0013312 0.00020661 -0.0010708 -0.0025279 -0.0017564 -0.00059671 -0.0015981 0.0036701 -0.00062145 -0.0037499 0.00062073 0.0018373 0.00041004 0.00072819 -0.0010395 -0.00038538 0.001873 -0.001631 -0.00018117 -0.0029406 0.00030619 0.0010064 -0.00096527 0.001198 -0.002596 0.0010253 0.0019178 -0.00061169 -0.0031834 -0.002299 
how 0.0027421 0.00096953 -0.0011201 0.0034219 0.0026111 0.00060136 0.0017853 0.00035045 -0.0019152 0.0018701 0.00061825 0.0017526 0.00067766 -0.00090109 -0.00046001 0.00030944 -0.0020529 -0.001231 0.0034345 0.0021292 0.0033429 0.0011085 0.0010283 0.0031029 -0.00061853 -0.003033 0.00011033 -0.00020411 -0.0026032 0.0021505 4.948e-06 0.0012889 4.7313e-05 -0.0011106 -0.0023786 0.0039442 0.00095382 -0.00097907 0.0018508 -0.00037658 0.00080102 0.0039142 -0.001946 0.00050373 -0.0012633 -0.0002194 -0.00089845 -0.0011956 -0.00092279 0.0013766 0.00011776 -0.0019433 0.00050656 0.0016839 0.00031001 -0.0017376 0.0021768 -0.00057481 0.00099955 -0.0028798 -0.00074664 0.0019446 0.0046902 0.00073566 -0.00029408 0.00018602 0.0010792 -0.00089579 0.0018499 -0.0020114 0.0021123 -0.0040168 0.0033238 -0.00012548 -0.0013756 0.0022165 -0.00085228 -0.0026486 -0.0022775 0.0022321 -8.622e-05 0.00063334 0.00043571 0.0019549 -0.0023693 0.0040861 -0.0015244 -0.00083993 0.0012055 0.0013365 0.00082561 0.0020399 0.0012123 -0.00026389 -0.0019347 -0.0013131 -0.0022204 -0.0036317 -0.00048932 -0.0038025 
many -0.001001 0.0002329 -0.0033727 -0.0031823 -0.0009139 -0.00048662 -0.0035254 -0.001034 -0.0005593 0.0010223 -0.00027317 0.0011978 -0.00097813 -0.0013881 0.0019665 -0.0027193 0.00061836 -0.00023272 0.0027994 -0.00026772 0.0038785 0.0006656 0.0010417 -0.003135 0.00050152 -0.0013338 0.00075476 0.0022513 0.0033551 0.00072805 -0.00091291 -0.00089886 -0.0007759 -0.001287 -0.00084439 0.00065447 0.00053913 0.0008543 -0.00092819 -0.0015087 0.002132 -0.0010201 0.0034387 0.0001239 -0.00021357 -0.0018284 -0.00082135 0.0041386 0.0015876 -0.0016177 0.0015602 -0.0015119 -0.0014107 0.00097804 -0.00070296 -0.0013719 -0.00091492 -0.001436 0.0003107 -0.00098769 -3.6093e-05 0.0012266 0.0010692 0.0017688 -0.0021094 0.0020993 0.00021361 -0.00031895 -0.0010373 -0.0031284 0.0010276 0.00127 0.0017811 0.0012437 -0.0025102 0.00062653 0.0025178 0.00011585 0.0018934 -0.00011871 -0.00043969 -0.00042173 -0.00088862 0.00030529 -0.00050723 -0.0001883 -0.00021076 0.00076984 -0.0011296 0.00036316 0.0015836 -0.0028431 -0.001185 -0.00088679 -0.00093272 -0.0008172 -2.6315e-05 -0.0024368 -1.8064e-05 0.0019667 
ounces 0.00038868 -0.00095754 3.4443e-06 0.00010378 -0.0015411 7.9833e-05 -0.00027995 -0.00051986 0.0019335 0.00039856 0.0015848 -0.00131 -0.0015687 0.00043066 0.00026369 -0.00054269 -6.8298e-05 0.0013556 -9.9906e-05 -0.001013 -0.00083975 -0.00022272 -0.0019023 -0.00084674 -0.0025007 0.0004487 -3.6156e-05 0.00060644 0.0029149 -0.00030811 -0.00093411 0.00025198 0.00063252 -0.0014159 0.001913 -0.0022396 -0.00011365 0.0014457 0.00039203 0.0013164 0.00040954 -0.00033383 0.00091203 0.0017213 -6.5941e-05 0.0020883 -0.0030415 -0.0020949 0.000871 -0.00066752 0.0006256 0.002715 -0.0032873 0.0008708 -0.0010864 -0.00077833 0.00084986 0.00025975 0.0006191 0.00071535 -0.0022164 0.0012498 -0.00093147 0.00078678 -0.00068379 -0.0015501 0.00095199 -0.00057457 -0.00047549 0.00092014 -0.0021198 0.0014778 0.00079933 -0.00074609 -0.0020051 0.0013049 0.00037169 -0.00023716 -0.0001073 0.0033175 4.4848e-06 -0.0032561 -0.0014722 0.0020721 -0.00023165 0.0030648 -0.00065934 0.00031785 0.0010043 0.0026178 0.00064866 -0.00033964 0.00067918 -0.00079722 -9.9088e-05 -0.0015169 0.0015575 -0.001845 -0.0010128 0.00067465 
a 0.0023203 0.00015159 0.0025708 -0.00014523 0.0012451 -0.0010639 0.001883 -0.0025212 -0.0039354 -0.0027366 0.0013515 -0.0013061 -0.0050116 -0.0032305 -0.0021755 0.00046991 -0.0031895 0.0020343 -0.0051272 0.00072796 -0.0035668 -0.00016783 0.0019435 0.00039757 0.0017385 0.00047082 0.0019852 0.0010073 0.005347 0.0049974 -0.00028694 -0.00031271 0.00063829 -0.0015627 0.0048167 -0.0050124 -0.0014287 0.00057069 -0.0018991 -0.0037863 -0.0050443 0.0024998 0.0018144 -0.0019224 -0.0041158 0.00078095 -0.0022038 -0.00075907 0.0011283 -0.0017244 -0.0026019 0.00022015 0.0010996 -0.0027205 -0.0021001 -0.00094273 0.00057712 -0.0063795 -0.00021226 0.0037452 -0.0030037 0.00064095 -0.0037491 -0.002177 0.0015404 -0.0029152 -0.00037368 -0.0043587 0.0014649 0.0036707 0.0045142 0.00068645 0.003796 0.0014743 -0.003452 0.00035172 0.00090614 0.0056083 0.0019964 0.003335 -0.0026882 -0.0020187 -0.00043881 0.001566 -0.00066059 0.00011707 -0.0010931 0.00055696 0.0028546 -0.00067784 0.0031487 0.00078994 0.00013981 0.0027521 -0.0027062 -0.0047212 0.0026982 0.0029432 0.0026325 -0.0011299 
